ID		name		RA		Declination	Gal_l	Gal_b	R_sun	R_gc	X	Y	Z
1636-283	ESO452-SC11	16 39 25.45	-28 23 55.3	351.91	12.1	8.3	2.1	8	-1.1	1.7
2MASS-GC01	Hurt1		18 08 21.8	-19 49 47	10.48	0.11	3.6	4.5	3.5	0.7	0
2MASS-GC02	Hurt2	      	18 09 36.5	-20 46 44	9.79	-0.61	4.9	3.2	4.9	0.8	-0.1
AM1		E1	      	03 55 02.3	-49 36 55	258.34	-48.47	123.3	124.6	-16.5	-80.1	-92.3
AM4		none	      	13 56 21.7	-27 10 03	320.28	33.51	32.2	27.8	20.7	-17.2	17.8
Arp2		none	      	19 28 44.11	-30 21 20.3	8.55	-20.79	28.6	21.4	26.4	4	-10.2
BH176		none	      	15 39 07.45	-50 03 09.8	328.41	4.34	18.9	12.9	16.1	-9.9	1.4
BH261		AL3	      	18 14 06.6	-28 38 06	3.36	-5.27	6.5	1.7	6.5	0.4	-0.6
Djorg1		none	      	17 47 28.3	-33 03 56	356.69	-2.47	13.7	5.7	13.6	-0.8	-0.6
Djorg2		E456-SC38	18 01 49.1	-27 49 33	2.77	-2.5	6.3	1.8	6.2	0.3	-0.3
E3		C0921-770	09 20 57.07	-77 16 54.8	292.27	-19.02	8.1	9.1	2.9	-7.1	-2.6
Eridanus	C0422-213	04 24 44.5	-21 11 13	218.1	-41.33	90.1	95	-53.2	-41.7	-59.5
ESO280-SC06	none		18 09 06.0	-46 25 23	346.9	-12.57	21.7	14.3	0	-4.8	-4.7
FSR1735		none		16 52 10.6	-47 03 29	339.19	-1.85	9.8	3.7	9.1	-3.5	-0.3
HP1		BH229		17 31 05.2	-29 58 54	357.44	2.12	8.2	0.5	8.2	-0.4	0.3
IC1257		none		17 27 08.5	-07 05 35	16.54	15.15	25	17.9	23.2	6.9	6.5
IC1276		Pal7		18 10 44.20	-07 12 27.4	21.83	5.67	5.4	3.7	5	2	0.5
IC4499		none		15 00 18.45	-82 12 49.3	307.35	-20.47	18.8	15.7	10.7	-14	-6.6
Kosopov1	Ko1		11 59 18.5	12 15 36	260.99	70.75	48.3	49.3	-2.5	-15.7	45.6
Kosopov2	Ko2		07 58 17.0	26 15 18	195.12	25.54	34.7	41.9	-30.2	-8.2	15
Liller1		none		17 33 24.50	-33 23 20.4	354.84	-0.16	8.2	0.8	8.2	-0.7	0
Lynga7		none		16 11 03.65	-55 19 04.0	328.77	-2.8	8	4.3	6.8	-4.1	-0.4
NGC104		47Tuc		00 24 05.67	-72 04 52.6	305.89	-44.89	4.5	7.4	1.9	-2.6	-3.1
NGC1261		none		03 12 16.21	-55 12 58.4	270.54	-52.12	16.3	18.1	0.1	-10	-12.9
NGC1851		none		05 14 06.76	-40 02 47.6	244.51	-35.03	12.1	16.6	-4.2	-8.9	-6.9
NGC1904		M79		05 24 11.09	-24 31 29.0	227.23	-29.35	12.9	18.8	-7.7	-8.3	-6.3
NGC2298		none		06 48 59.41	-36 00 19.1	245.63	-16	10.8	15.8	-4.3	-9.4	-3
NGC2419		none		07 38 08.47	+38 52 56.8	180.37	25.24	82.6	89.9	-74.7	-0.5	35.2
NGC2808		none		09 12 03.10	-64 51 48.6	282.19	-11.25	9.6	11.1	2	-9.2	-1.9
NGC288		none		00 52 45.24	-26 34 57.4	152.3	-89.38	8.9	12	-0.1	0	-8.9
NGC3201		none		10 17 36.82	-46 24 44.9	277.23	8.64	4.9	8.8	0.6	-4.8	0.7
NGC362		none		01 03 14.26	-70 50 55.6	301.53	-46.25	8.6	9.4	3.1	-5.1	-6.2
NGC4147		none		12 10 06.30	+18 32 33.5	252.85	77.19	19.3	21.4	-1.3	-4.1	18.8
NGC4372		none		12 25 45.40	-72 39 32.4	300.99	-9.88	5.8	7.1	2.9	-4.9	-1
NGC4590		M68		12 39 27.98	-26 44 38.6	299.63	36.05	10.3	10.2	4.1	-7.2	6
NGC4833		none		12 59 33.92	-70 52 35.4	303.6	-8.02	6.6	7	3.6	-5.4	-0.9
NGC5024		M53		13 12 55.25	+18 10 05.4	332.96	79.76	17.9	18.4	2.8	-1.4	17.6
NGC5053		none		13 16 27.09	+17 42 00.9	335.7	78.95	17.4	17.8	3	-1.4	17.1
NGC5139		omegaCen	13 26 47.24	-47 28 46.5	309.1	14.97	5.2	6.4	3.1	-3.9	1.3
NGC5272		M3		13 42 11.62	+28 22 38.2	42.22	78.71	10.2	12	1.5	1.3	10
NGC5286		none		13 46 26.81	-51 22 27.3	311.61	10.57	11.7	8.9	7.6	-8.6	2.1
NGC5466		none		14 05 27.29	+28 32 04.0	42.15	73.59	16	16.3	3.3	3	15.3
NGC5634		none		14 29 37.23	-05 58 35.1	342.21	49.26	25.2	21.2	15.7	-5	19.1
NGC5694		none		14 39 36.29	-26 32 20.2	331.06	30.36	35	29.4	26.4	-14.6	17.7
NGC5824		none		15 03 58.63	-33 04 05.6	332.56	22.07	32.1	25.9	26.4	-13.7	12.1
NGC5897		none		15 17 24.50	-21 00 37.0	342.95	30.29	12.5	7.4	10.3	-3.2	6.3
NGC5904		M5		15 18 33.22	+02 04 51.7	3.86	46.8	7.5	6.2	5.1	0.3	5.5
NGC5927		none		15 28 00.69	-50 40 22.9	326.6	4.86	7.7	4.6	6.4	-4.2	0.7
NGC5946		none		15 35 28.52	-50 39 34.8	327.58	4.19	10.6	5.8	8.9	-5.6	0.8
NGC5986		none		15 46 03.00	-37 47 11.1	337.02	13.27	10.4	4.8	9.3	-4	2.4
NGC6093		M80		16 17 02.41	-22 58 33.9	352.67	19.46	10	3.8	9.4	-1.2	3.3
NGC6101		none		16 25 48.12	-72 12 07.9	317.74	-15.82	15.4	11.2	11	-10	-4.2
NGC6121		M4		16 23 35.22	-26 31 32.7	350.97	15.97	2.2	5.9	2.1	-0.3	0.6
NGC6139		none		16 27 40.37	-38 50 55.5	342.37	6.94	10.1	3.6	9.6	-3	1.2
NGC6144		none		16 27 13.86	-26 01 24.6	351.93	15.7	8.9	2.7	8.5	-1.2	2.4
NGC6171		M107		16 32 31.86	-13 03 13.6	3.37	23.01	6.4	3.3	5.9	0.3	2.5
NGC6205		M13		16 41 41.24	+36 27 35.5	59.01	40.91	7.1	8.4	2.8	4.6	4.7
NGC6218		M12		16 47 14.18	-01 56 54.7	15.72	26.31	4.8	4.5	4.2	1.2	2.1
NGC6229		none		16 46 58.79	+47 31 39.9	73.64	40.31	30.5	29.8	6.5	22.3	19.7
NGC6235		none		16 53 25.31	-22 10 38.8	358.92	13.52	11.5	4.2	11.2	-0.2	2.7
NGC6254		M10		16 57 09.05	-04 06 01.1	15.14	23.08	4.4	4.6	3.9	1.1	1.7
NGC6256		none		16 59 32.62	-37 07 17.0	347.79	3.31	10.3	3	10	-2.2	0.6
NGC6266		M62		17 01 12.80	-30 06 49.4	353.57	7.32	6.8	1.7	6.7	-0.8	0.9
NGC6273		M19		17 02 37.80	-26 16 04.7	356.87	9.38	8.8	1.7	8.7	-0.5	1.4
NGC6284		none		17 04 28.51	-24 45 53.5	358.35	9.94	15.3	7.5	15	-0.4	2.6
NGC6287		none		17 05 09.13	-22 42 30.1	0.13	11.02	9.4	2.1	9.2	0	1.8
NGC6293		none		17 10 10.20	-26 34 55.5	357.62	7.83	9.5	1.9	9.4	-0.4	1.3
NGC6304		none		17 14 32.25	-29 27 43.3	355.83	5.38	5.9	2.3	5.8	-0.4	0.6
NGC6316		none		17 16 37.30	-28 08 24.4	357.18	5.76	10.4	2.6	10.4	-0.5	1
NGC6325		none		17 17 59.21	-23 45 57.6	0.97	8	7.8	1.1	7.7	0.1	1.1
NGC6333		M9		17 19 11.26	-18 30 57.4	5.54	10.71	7.9	1.7	7.7	0.7	1.5
NGC6341		M92		17 17 07.39	+43 08 09.4	68.34	34.86	8.3	9.6	2.5	6.3	4.7
NGC6342		none		17 21 10.08	-19 35 14.7	4.9	9.72	8.5	1.7	8.4	0.7	1.4
NGC6352		none		17 25 29.11	-48 25 19.8	341.42	-7.17	5.6	3.3	5.3	-1.8	-0.7
NGC6355		none		17 23 58.59	-26 21 12.3	359.59	5.43	9.2	1.4	9.2	-0.1	0.9
NGC6356		none		17 23 34.93	-17 48 46.9	6.72	10.22	15.1	7.5	14.7	1.7	2.7
NGC6362		none		17 31 54.99	-67 02 54.0	325.55	-17.57	7.6	5.1	6	-4.1	-2.3
NGC6366		none		17 27 44.24	-05 04 47.5	18.41	16.04	3.5	5	3.2	1.1	1
NGC6380		Ton1		17 34 28.0	-39 04 09	350.18	-3.42	10.9	3.3	10.7	-1.9	-0.6
NGC6388		none		17 36 17.23	-44 44 07.8	345.56	-6.74	9.9	3.1	9.6	-2.5	-1.2
NGC6397		none		17 40 42.09	-53 40 27.6	338.17	-11.96	2.3	6	2.1	-0.8	-0.5
NGC6401		none		17 38 36.60	-23 54 34.2	3.45	3.98	10.6	2.7	10.5	0.6	0.7
NGC6402		M14		17 37 36.10	-03 14 45.3	21.32	14.81	9.3	4	8.3	3.3	2.4
NGC6426		none		17 44 54.65	+03 10 12.5	28.09	16.23	20.6	14.4	17.4	9.3	5.8
NGC6440		none		17 48 52.70	-20 21 36.9	7.73	3.8	8.5	1.3	8.4	1.1	0.6
NGC6441		none		17 50 13.06	-37 03 05.2	353.53	-5.01	11.6	3.9	11.5	-1.3	-1
NGC6453		none		17 50 51.70	-34 35 57.0	355.72	-3.87	11.6	3.7	11.5	-0.9	-0.8
NGC6496		none		17 59 03.68	-44 15 57.4	348.03	-10.01	11.3	4.2	10.9	-2.3	-2
NGC6517		C1759-089	18 01 50.52	-08 57 31.6	19.23	6.76	10.6	4.2	10	3.5	1.3
NGC6522		none		18 03 34.02	-30 02 02.3	1.02	-3.93	7.7	0.6	7.7	0.1	-0.5
NGC6528		none		18 04 49.64	-30 03 22.6	1.14	-4.17	7.9	0.6	7.9	0.2	-0.6
NGC6535		none		18 03 50.51	-00 17 51.5	27.18	10.44	6.8	3.9	6	3.1	1.2
NGC6539		none		18 04 49.68	-07 35 09.1	20.8	6.78	7.8	3	7.2	2.8	0.9
NGC6540		Djorg3		18 06 08.6	-27 45 55	3.29	-3.31	5.3	2.8	5.2	0.3	-0.3
NGC6541		none		18 08 02.36	-43 42 53.6	349.29	-11.19	7.5	2.1	7.3	-1.4	-1.5
NGC6544		none		18 07 20.58	-24 59 50.4	5.84	-2.2	3	5.1	2.9	0.3	-0.1
NGC6553		none		18 09 17.60	-25 54 31.3	5.26	-3.03	6	2.2	5.9	0.5	-0.3
NGC6558		none		18 10 17.60	-31 45 50.0	0.2	-6.02	7.4	1	7.3	0	-0.8
NGC6569		none		18 13 38.80	-31 49 36.8	0.48	-6.68	10.9	3.1	10.8	0.1	-1.3
NGC6584		none		18 18 37.60	-52 12 56.8	342.14	-16.41	13.5	7	12.3	-4	-3.8
NGC6624		none		18 23 40.51	-30 21 39.7	2.79	-7.91	7.9	1.2	7.8	0.4	-1.1
NGC6626		M28		18 24 32.81	-24 52 11.2	7.8	-5.58	5.5	2.7	5.4	0.7	-0.5
NGC6637		M69		18 31 23.10	-32 20 53.1	1.72	-10.27	8.8	1.7	8.6	0.3	-1.6
NGC6638		none		18 30 56.10	-25 29 50.9	7.9	-7.15	9.4	2.2	9.3	1.3	-1.2
NGC6642		none		18 31 54.10	-23 28 30.7	9.81	-6.44	8.1	1.7	8	1.4	-0.9
NGC6652		none		18 35 45.63	-32 59 26.6	1.53	-11.38	10	2.7	9.8	0.3	-2
NGC6656		M22		18 36 23.94	-23 54 17.1	9.89	-7.55	3.2	4.9	3.2	0.6	-0.4
NGC6681		M70		18 43 12.76	-32 17 31.6	2.85	-12.51	9	2.2	8.8	0.4	-2
NGC6712		none		18 53 04.30	-08 42 22.0	25.35	-4.32	6.9	3.5	6.3	3	-0.5
NGC6715		M54		18 55 03.33	-30 28 47.5	5.61	-14.09	26.5	18.9	25.6	2.5	-6.5
NGC6717		Pal9		18 55 06.04	-22 42 05.3	12.88	-10.9	7.1	2.4	6.8	1.6	-1.3
NGC6723		none		18 59 33.15	-36 37 56.1	0.07	-17.3	8.7	2.6	8.3	0	-2.6
NGC6749		Be42		19 05 15.3	+01 54 03	36.2	-2.21	7.9	5	6.4	4.7	-0.3
NGC6752		none		19 10 52.11	-59 59 04.4	336.49	-25.63	4	5.2	3.3	-1.4	-1.7
NGC6760		none		19 11 12.01	+01 01 49.7	36.11	-3.92	7.4	4.8	5.9	4.3	-0.5
NGC6779		M56		19 16 35.57	+30 11 00.5	62.66	8.34	9.4	9.2	4.3	8.3	1.4
NGC6809		M55		19 39 59.71	-30 57 53.1	8.79	-23.27	5.4	3.9	4.9	0.8	-2.1
NGC6838		M71		19 53 46.49	+18 46 45.1	56.75	-4.56	4	6.7	2.2	3.4	-0.3
NGC6864		M75		20 06 04.69	-21 55 16.2	20.3	-25.75	20.9	14.7	17.6	6.5	-9.1
NGC6934		none		20 34 11.37	+07 24 16.1	52.1	-18.89	15.6	12.8	9.1	11.7	-5.1
NGC6981		M72		20 53 27.70	-12 32 14.3	35.16	-32.68	17	12.9	11.7	8.3	-9.2
NGC7006		none		21 01 29.38	+16 11 14.4	63.77	-19.41	41.2	38.5	17.2	34.8	-13.7
NGC7078		M15		21 29 58.33	+12 10 01.2	65.01	-27.31	10.4	10.4	3.9	8.3	-4.8
NGC7089		M2		21 33 27.02	-00 49 23.7	53.37	-35.77	11.5	10.4	5.6	7.5	-6.7
NGC7099		M30		21 40 22.12	-23 10 47.5	27.18	-46.84	8.1	7.1	4.9	2.5	-5.9
NGC7492		none		23 08 26.63	-15 36 41.4	53.39	-63.48	26.3	25.3	7	9.4	-23.5
Pal1		none		03 33 20.04	+79 34 51.8	130.06	19.03	11.1	17.2	-6.8	8.1	3.6
Pal10		none		19 18 02.1	+18 34 18	52.43	2.72	5.9	6.4	3.6	4.7	0.3
Pal11		none		19 45 14.4	-08 00 26	31.81	-15.57	13.4	8.2	11	6.8	-3.6
Pal12		none		21 46 38.84	-21 15 09.4	30.51	-47.68	19	15.8	11	6.5	-14.1
Pal13		none		23 06 44.44	+12 46 19.2	87.1	-42.7	26	26.9	1	19.1	-17.6
Pal14		AvdB		16 11 00.6	+14 57 28	28.74	42.19	76.5	71.6	49.7	27.3	51.4
Pal15		none		16 59 51.0	-00 32 20	18.88	24.3	45.1	38.4	38.9	13.3	18.6
Pal2		none		04 46 05.91	+31 22 53.4	170.53	-9.07	27.2	35	-26.4	4.4	-4.3
Pal3		none		10 05 31.9	+00 04 18	240.15	41.86	92.5	95.7	-34.3	-59.7	61.7
Pal4		none	   	11 29 16.80	+28 58 24.9	202.31	71.8	108.7	111.2	-31.4	-12.9	103.2
Pal5		none		15 16 05.25	-00 06 41.8	0.85	45.86	23.2	18.6	16.2	0.2	16.7
Pal6		none		17 43 42.2	-26 13 21	2.1	1.78	5.8	2.2	5.8	0.2	0.2
Pal8		none		18 41 29.9	-19 49 33	14.11	-6.79	12.8	5.5	12.3	3.1	-1.5
Pyxis		none		09 07 57.8	-37 13 17	261.32	7	39.4	41.4	-5.9	-38.7	4.8
Rup106		none		12 38 40.2	-51 09 01	300.88	11.67	21.2	18.5	10.7	-17.8	4.3
Terzan1		HP2		17 35 47.8	-30 28 11	357.57	1	6.7	1.3	6.7	-0.3	0.1
Terzan10	none		18 03 36.4	-26 04 21	4.49	-1.99	5.8	2.3	5.8	0.5	-0.2
Terzan12	none		18 12 15.8	-22 44 31	8.37	-2.1	4.8	3.4	4.7	0.7	-0.2
Terzan2		HP3		17 27 33.10	-30 48 08.4	356.32	2.3	7.5	0.8	7.5	-0.5	0.3
Terzan3		none		16 28 40.08	-35 21 12.5	345.08	9.19	8.2	2.5	7.8	-2.1	1.3
Terzan4		HP4		17 30 39.00	-31 35 43.9	356.02	1.31	7.2	1	7.2	-0.5	0.2
Terzan5		Terzan11	17 48 04.80	-24 46 45	3.84	1.69	6.9	1.2	6.9	0.5	0.2
Terzan6		HP5		17 50 46.38	-31 16 31.4	358.57	-2.16	6.8	1.3	6.8	-0.2	-0.3
Terzan7		none		19 17 43.92	-34 39 27.8	3.39	-20.07	22.8	15.6	21.4	1.3	-7.8
Terzan8		none		19 41 44.41	-33 59 58.1	5.76	-24.56	26.3	19.4	23.8	2.4	-10.9
Terzan9		none		18 01 38.8	-26 50 23	3.61	-1.99	7.1	1.1	7.1	0.4	-0.2
Ton2		Pismis26	17 36 10.5	-38 33 12	350.8	-3.42	8.2	1.4	8.1	-1.3	-0.5
UKS1		none		17 54 27.2	-24 08 43	5.13	0.76	7.8	0.7	7.8	0.7	0.1
Whiting1	none		02 02 57	-03 15 10	161.22	-60.76	30.1	34.5	-13.9	4.7	-26.3
